3.
1415926535897932384626433832795028841971693993751058209749445923078164062862089986280348253421170679
8214808651328230664709384460955058223172535940812848111745028410270193852110555964462294895493038196
4428810975665933446128475648233786783165271201909145648566923460348610454326648213393607260249141273
7245870066063155881748815209209628292540917153643678925903600113305305488204665213841469519415116094
3305727036575959195309218611738193261179310511854807446237996274956735188575272489122793818301194912
9833673362440656643086021394946395224737190702179860943702770539217176293176752384674818467669405132
0005681271452635608277857713427577896091736371787214684409012249534301465495853710507922796892589235
4201995611212902196086403441815981362977477130996051870721134999999837297804995105973173281609631859
5024459455346908302642522308253344685035261931188171010003137838752886587533208381420617177669147303
5982534904287554687311595628638823537875937519577818577805321712268066130019278766111959092164201989
3809525720106548586327886593615338182796823030195203530185296899577362259941389124972177528347913151
5574857242454150695950829533116861727855889075098381754637464939319255060400927701671139009848824012
8583616035637076601047101819429555961989467678374494482553797747268471040475346462080466842590694912
9331367702898915210475216205696602405803815019351125338243003558764024749647326391419927260426992279
6782354781636009341721641219924586315030286182974555706749838505494588586926995690927210797509302955
3211653449872027559602364806654991198818347977535663698074265425278625518184175746728909777727938000
8164706001614524919217321721477235014144197356854816136115735255213347574184946843852332390739414333
4547762416862518983569485562099219222184272550254256887671790494601653466804988627232791786085784383
8279679766797545190325878892341526640770677638111397494329027507267588373308282141202592335500435060
2679441427261046654592679367344202140250361657689265346887145079429658059924235823646178520384292593
2719696997329217260601782549140031111541087161731065026719774914016050234530688557969258922756504443
8465173100005242399400521717174109115448074699753261879221250418415723405200308199857991036293856550
3395838216758042347479041875565267661915669565505913850538047965459577089210049558133027458972472344
4213004676960028021938956264639978489664433565494828415711044393659362155270760661117881220536051579
7566572529812550666637603632519578311764453220029698786671494105725402266483885292245401187031637165
5491308692603850777382612838024679196067182311239916840137542581238846765999502367486742769714509151
7801965466048046143805357005452968383833927025744977105657489464357649494523605498348354959011184571
2234971077680136148971813230236485235005706131788154742603846454820302351957687718465349245598999660
4688110434028893367196063725048202912026711345228592353295744124607934704675747584009948249610571369
0479676744937130481708669374554103883002554130868961027987958166809447761408535789681859489216109592
4463549224167597469654310229187395434189950531868925943417502186179077620069751213520041608585837935
1394041781904320088444423948540514079040823920076818103099609465530115556837996850923992557707172956
3716478926437996533096354088473094033740112305557371532594042137001836675784050026742593556929532182
7695708793404001533900835337014218294919519768834264143499396081721966554592790344052831937921526667
7308969800661057805274666621735608848666461238535692466101523328492170071585014517624574123946384298
7846751145801043967493472407532047070302129509088378659438149630146901738117195183131430908557393656
2575558507564873584149614306952709862887114159430800008353028874672909778198313736698270849367290571
1895452750438912303989498037427375479725273622342898046475735055571061349856640002380526633984719953
0852924763472569339620091803295965033049765804607740601901524303684933111247306900244828769521658872
3549455134782296954030288565893939774668989936398525356035955439347276514323972389284099127010883501
8902348607927739155852103127208095783920355478560815988291432400493539254029886084495787963379126330
9428142898992903673012051351662020664556741755339358900718524351730558714551883147476720197114507946
6033430523025922395066200410293529220576158705799266582360600061775332047707594900800745956676123386
8106979697308498856257931383633280755065733510600120442954970581340255727302243341989800029650878861
6938848307993594250069010807255972285119216853926017863434057475524107896688382125736624268547127643
3070474594089805184493626910764927035845393675963823849446035235853942242494413701027819094022209827
4935648048702652399947393659292010170617686135947345360836078657626278749426875920699150790412641592
6186083678458873116211450052640524299852349631896095150222224605166780642703472653146295620273846065
7404904915314898460046800373069940330172158726253383304642719764261756359285188875052449142875688159
6423262710651171271314027199198990977124900037593476016815467705618946643495530263260327642524714471
7971727536256397