3.
1415926535897932384626433832795028841971693993751058209749445923078164062862089986280348253421170679
8214808651328230664709384460955058223172535940812848111745028410270193852110555964462294895493038196
4428810975665933446128475648233786783165271201909145648566923460348610454326648213393607260249141273
7245870066063155881748815209209628292540917153643678925903600113305305488204665213841469519415116094
3305727036575959195309218611738193261179310511854807446237996274956735188575272489122793818301194912
9833673362440656643086021394946395224737190702179860943702770539217176293176752384674818467669405132
0005681271452635608277857713427577896091736371787214684409012249534301465495853710507922796892589235
4201995611212902196086403441815981362977477130996051870721134999999837297804995105973173281609631859
5024459455346908302642522308253344685035261931188171010003137838752886587533208381420617177669147303
5982534904287554687311595628638823537875937519577818577805321712268066130019278766111959092164201989
3809525720106548586327886593615338182796823030195203530185296899577362259941389124972177528347913151
5574857242454150695950829533116861727855889075098381754637464939319255060400927701671139009848824012
8583616035637076601047101819429555961989467678374494482553797747268471040475346462080466842590694912
9331367702898915210475216205696602405803815019351125338243003558764024749647326391419927260426992279
6782354781636009341721641219924586315030286182974555706749838505494588586926995690927210797509302955
3211653449872027559602364806654991198818347977535663698074265425278625518184175746728909777727938000
8164706001614524919217321721477235014144197356854816136115735255213347574184946843852332390739414333
4547762416862518983569485562099219222184272550254256887671790494601653466804988627232791786085784383
8279679766814541009538837863609506800642251252051173929848960841284886269456042419652850222106611863
0674427862203919494504712371378696095636437191728746776465757396241389086583264599581339047802759009
9465764078951269468398352595709825822620522489407726719478268482601476990902640136394437455305068203
4962524517493996514314298091906592509372216964615157098583874105978859597729754989301617539284681382
6868386894277415599185592524595395943104997252468084598727364469584865383673622262609912460805124388
4390451244136549762780797715691435997700129616089441694868555848406353422072225828488648158456028506
0168427394522674676788952521385225499546667278239864565961163548862305774564980355936345681743241125
1507606947945109659609402522887971089314566913686722874894056010150330861792868092087476091782493858
9009714909675985261365549781893129784821682998948722658804857564014270477555132379641451523746234364
5428584447952658678210511413547357395231134271661021359695362314429524849371871101457654035902799344
0374200731057853906219838744780847848968332144571386875194350643021845319104848100537061468067491927
8191197939952061419663428754440643745123718192179998391015919561814675142691239748940907186494231961
5679452080951465502252316038819301420937621378559566389377870830390697920773467221825625996615014215
0306803844773454920260541466592520149744285073251866600213243408819071048633173464965145390579626856
1005508106658796998163574736384052571459102897064140110971206280439039759515677157700420337869936007
2305587631763594218731251471205329281918261861258673215791984148488291644706095752706957220917567116
7229109816909152801735067127485832228718352093539657251210835791513698820914442100675103346711031412
6711136990865851639831501970165151168517143765761835155650884909989859982387345528331635507647918535
8932261854896321325358367992570194474639626960120981118105090687714557255426245290154028416203735896
3551893398171014715265626998236101465559609445871788574325995111614711631638241496838530696339657785
0156113204128376677996902579688013774157141290257141671771197593869132178634293838547060466303301119
2639235807016904134699888703633443465939995204682414641952898947338754064536190771096265900760519976
5463402940519012221667011012693750137024246199660709826114368975322421214670064161832109413329275756
5932814505244704271334868654141521454643839622179206441380664169839583552729501291486168824901054872
0110331910719602752745653183942871286214399125794974220861894385996953648077562703464585745662908869
7506143890198884022969044173297571750501270645365499077337880638658660992448702389950688032961241000
9966215445247226728497654875385250668533915866205787426018940002339445910944984305390653894727038109
7018287142417029660506539507153034476790025828421491098799447686851846545638021323761806971933228443
0159810735306563202103100743478213329794458759360186510654036437339756157214787341660381747816966955
3368124025728033241136436453436849631943894764517433654057195707821502972287329922414880251946363958
8388632465564823349580948388615750427434564137189971602909466430484308083675481932375204423573525685
6607357240050026748183910694142764431265903738655420211917590886804060379431786664338466480555210953
2054660650218253540108441008538342507427762861794877079787699457937578913412044353705516577454207966
2802382379428248827601700486969818792710790953258398790400251288302367352705250603682017021246770054
7769001612487763750561169932699987271685235470764019875915146844687054013999114840895020048908069002
4942026908024695754824337538933765371850912278813888549573618235739520623092876354415492283565925862
6795937161682730614333106815018919553420414722479461360408328137693154678730827808156237840604981481
8646935677654528377529357823423334029395542778928096252625866606631296461867836827907028443715206302
4704466025312781876138135928677512959457852137491551223679899717647495360896533485674103643161882880
7921697972866153550330319485369594516379930085776592133664965487187801392687555812208287326935547154
5949075331367681864424498814946137476335198640886410080676871036875212505574219816425598251772667853
9904962938833632361968873704189437112548238932988519170863336098940419860447304190062033300555925814
7240385306333983028636536472048976862249612169151704893408347552222014198886561019311861383474992782
6030853165509563364474921158602500384246715203884334534536267508765176319551311390381199519985252646
1223690230510519514583715837372831839549605944891213598442816478723617908602112516562606274111891553
7160643924369871717665144729034825191067041920148133752841914606535543340929200752676635426761041430
3326525982957954444067372586497984328854295238720897339418650906246020864025668183872339857278953040
9926088851110724499470344914263523587979847594776829842601253150642029314551139067536855920280771026
1701356346812190517896774103824333025480656307663878209314181615195304959387014161564171853199515825
8118501160066093933463432545791931367139862049086454666814944393133091983438669246497168037825139863
4997879321965024109995118963704797594784938731074124702312342201319059927216196836705494577200986879
0084037121503705191610894459093161925251120337134633379993522001846842979994907675786451990184288013
6184377442440309741852175324727082524146822094500700845545040937656022376257323858813551809476970507
6355425897553036397707357502128755184265361892950517399069843285349498051309620433073548822513198777
6326746974714069782489739156063895526269198981375958409775769249310468775651963935919332425578365549
7954237750595267099819857716550648529811531774711465542964779920716146385997620952700943042336735312
5030169672488041724109204664026703190782982624204617232226550910128738136567899532975155664272191364
8825706205964595635998697748564030574732432600682054266599467866221539251904704152975568008306502211
3996317777602741693828810197310652643435812632236375934741874909571275815541079284623953296248213531
9038700667679702042737848345211330933451974900612002562030511556761062432553831464746527833790080734
7696859133641532408810537220753301184540884160160162026052671721063158638714961011278104197689862053
7913270752928494356940703080151357367584408018495284107450562297223394861910993485486181129659384244
4639972750791292359740718565914732653103905648262207666236538543188565190448945473546619827674922052
0346221490509801777156868892424522538605497738346054260649634181259148292147291254907939960944615542
6614342290438160613371671719228867914759704033544602685649987191634042600083649967957891899456233802
5860205700451969148225128360259470053883062909784177213119694678279899964882729270917772547626315771
2806865882477096559145080769268237817916874159308778258538562360754684312611788186411804536032393297
2814829101327341079067257359258919992197265013482314505521568116004640091828694744590345657695551379
4332359369484651608049504925284756781296410917915519495050095786971549801252221456237055108731116538
6682313350969507227053405275593073916977777792252639841200287310962003443330608992308582668925805881
3222510901193010385319828328487796294630784492133703684790502882468881936302519433415491581373695425
7095340721808919784207460559777140691615390022034134933538826930250809298021813179050137196532244863
9729392909611971633125884982610721145566890553270456711564860297555389024307402724178769870711460291
8251840269457374405921425199995377058680204749522607017756702951323697431947854266261092463609248435
3801257582118908000606631031913352160715348189004026495309621527047857806797796432524724912661649846
5545509140735942183394729942230748719227392889837924766895968052852699109216425212603995208349287997
2759697933249444861044224227835512579196007654405273989825270031896345059389810758457781433484945897
4572723711848588791024501669022224034569875826030600497663787927587895842123237304912196204693652247
0052305961279143184464860419615306764869141634897706853084071068131988313624658151296180120841399341
7923014657913611060135589573745155649865475723661037819652110714617636525205230242592748663194411522
7044974319051169345244384696254670015150018062762390056986545755235993918812500361253358354619290164
1519996476661408906499401600758649349799200871922758459916670532060647885953831126247401779142797838
1170410641651117