3.141592653589793238462643383279502884197169399375105820974944592307816406286208998628034825342117067
9821480865132823066470938446095505822317253594081284811174502841027019385211055596446229489549303819
6442881097566593344612847564823378678316527120190914564856692346034861045432664821339360726024914127
3724587006606315588174881520920962829254091715364367892590360011330530548820466521384146951941511609
4330572703657595919530921861173819326117931051185480744623799627495673518857527248912279381830119491
2983367336244065664308602139494639522473719070217986094370277053921717629317675238467481846766940513
2000568127145263560827785771342757789609173637178721468440901224953430146549585371050792279689258923
5420199561121290219608640344181598136297747713099605187072113499999983729780499510597317328160963185
9502445945534690830264252230825334468503526193118817101000313783875288658753320838142061717766914730
3598253490428755468731159562863882353787593751957781857780532171226806613001927876611195909216420198
9380952572010654858632788659361533818279682303019520353018529689957736225994138912497217752834791315
1557485724245415069595082953311686172785588907509838175463746493931925506040092770167113900984882401
2858361603563707660104710181942955596198946767837449448255379774726847104047534646208046684259069491
2933136770289891521047521620569660240580381501935112533824300355876402474964732639141992726042699227
9678235478163600934172164121992453572594705184803446267560109444482001428440296786338708269504709470
6534293118359916951547488032388657179129392085524366387034087499843986692333037984821054160356145223
8350735904304183596196993969113174520580871816168282590792916949342445171973760066261655797576908880
3707601855046409477217298231542689930245621350845684461632416868421071070460953467334842326215315249
5715788711491717891079626716698282515564552999886077324038303547109271359541630028311807429883909561
1616206421371486280103759776126740580506530641570687571255065414321147621678850599823730332634953113
3792970866450551335414161095849030701472956680174020494055545618946958798913955004306450018064580591
1486066212494343275630026181074068660426390140634054992074354376400855572412573147401527841946786576
5887064944585259908499593912458009690015066870150591345730624568361926079544746484119197408854149608
5345657983968420846782454315042140709753422331141223418469417218093666700720889967333377626048026456
3359258437130111910065216098109173413656104244736753398663802533430187229256020581366873335929597809
5436590591073246537585900867459875428227865129826041179117064853540772457721772267847414832876826048
7527581778164588528077124876957583839158475216144332803086297644295262717666082393709260465556660361
5993875348178866631741030254790280922393253929423821369613859361855260440778387748780733434499565230
9354263851982686893518070786881889049966791154313493891639555595965577440803413079594806405580183137
6819940435528039358349011548606645818411005472836834225088912420333854331385664918187024386850222567
2945865132302322808681113501508722780339598786447780598508832044125944355465726519844187958087136284
4643736905333568805068704480628744265102999069377267271421051884086871067981837050112470040444904629
0339207090590582553213239647186905730677153419096309855430126076078556904250481316558447814774146473
9214154112301528178330537164390319787645950860982877415955758361992852221207166124762992925924985052
5531384283179921762365159142642430446129806025843645939466960510124230052631988584936673730730053823
5636048902291915380365354461447037677301904759279185001414225117617113513922884332099568658858581971
8972957659300127548343477568658610083436652117817417717495238745183574097674062138810412025904551010
2672801035519012912780018608480051527598253233657377929164205003166634900725974331784202102136867817
2923242176729661952901210648101093844925085410461781459516631631022174886569868182368562629179787736
7019938272032314822496705785081882310968620741931628361831894371002564362056246834767582247724691535
2944042022127451754986687065355162396181912457457887722001233547524458878862331168249379245654193847
2787612898990038813440113952583858330011465630241570908336424410499404063337547162925139121893624431
1934405307418705060705606468411508636084941151679674088503044829390338309748210446424216499659993457
8660482041006545496327966669000083683788525211855178517183096033696690133095913102571240831072495193
9940835175359014670849027153732790996990292925366984312698867083268139799727052090768315008738318603
9632275353660409494253852844527603979315508307616696757342313657100991237032475144483846191989176877
6346911654530991919764034495186738098456789084963458042862914272265336681424869212691181671102294836
1594872594980191116223887879948703682494954892173936375461495821916367931608094165339819146583956634
5900979912817468186315821450155531874079194524271589190912370146209367463341087829842374976473963405
7651696545970813022186376889318334064039961132298085854366292558419368791732173135251253747670956154
79024212600705947