3141592653895446368740628200611380031277931702490791880905719550228686048298269354695592957856884162
8560865340654648020096400284611366038699613942442697591819051052313927114235408892183345895896063577
9317089194282537321053687409988009918802006841235757557611975538507281970595146468501390206803512400
2702380779179089540610325106602829481116750416625610509148931952320354230343438884273188654691620257
1275679049887166697318904535681160765938167615875812516133411492115466332162306353688927971013115046
5289162173075452407351832142483136410070183687083018517987457830442361600929444542203120185677142346
1441947391013663634435435769470046346863482944385583342627353908298221443013265750456269483298339798
9497877181669747440116844896086231209919332557622043591474000423985106858889139951653345414079116614
2406717609549879007015746721344313896713680816898935676334746746116060561112390412630372314271575157
9913084297248073490369589327742430799429063640540041337788943988603940369859026423787321298058197586
18