3.14159265358979311120035621508437779160333415473350005136581079848894037301247683251581192035009760
618540424624485089068877525902892252235203339918102267484126968186158690699244766274118581753129796
794417253119120497192460535026397569391408707479123222846521229125154685506950794806387004326893574
711634825936302761964634398809461398019480594769354853073683149228858252097112588826919981155720562
763003879336070520027431378405245337136406243431361358484894642179516213109660922905539676996386303
925413074483067735892192839576987497796460644597656987710415399870159394405308637342999854342474229
138083528908723316350616130264948825076984051273587894627800952735329197808072074773346786179783237
078921526504423356565915016677899307680607614963472773463156778527181986059354276574867543998738482
358430822450674800588739410980341849741818213160754462325339526098795775519094301467964779094808171
380105861216979768826346429194201973699363019752834718136240426006750624092113586005256417479131677
313708213893469114040413540315334117635787238166485251203879659751082783901097553669418860480263471
087133563769281702427430584238014763006934203727532579544303622317253535306373446235572715264321304
075144812478693680321890156267131798392699491381741688797522733806071024233570273337488548419067803
866461838645348369988698793896985519063062349676126020474583094469813136689957887178588089264440337
907896706049702719946617004217167701631446123809187170681927430026958829659567804593145372685855235
796370911377239102312194215302251167272166434359133999742628526860340431074596164623377224906824454
947749377959427935488988248612909284926561478484502928055899781904550036761817068589659677053573254
652548134541366828776197885532676782587802577322622316266385472022751950574123112129860624834726433
875646974467510520958596068322276906523609991532966837517760571554559973377543748395996996459692776
644908894270873652126520525532480351063144130586441164870041780422983386263180514193611114356178578
069134766429739192360390760599099139318830963975521561350442755741862044634084294677626545416923441
883066637321300230304357871581084419145337833724982240883201705729569015010426048346908739144943778
674006825013076730692983034707991122977254009440202704205849147196165284517790144281281249674704795
999140639358145284206148120058714549356451335330920051465445524620207891846854645923309171861157511
086109526902074965215949500616492855798579367574154070260298630344216532632760041536135004691714054
424434256686125785913061386401146032850721663352564590474291645095250040086118400884629845892917307
122647785355502723712818427864300578969070701584312320675356049336680361460970802619191967646446396
100613443228823758420581468026746570420930779429704286807121827298318637733810892265045544193201555
588099520380238598534441371699801620888979712481578435242051432377990147846445052946445463211715644
544970592504872520866741841533121416677881371166495387054702812714405119974125310950228190731474677
870381904321423468621722290786997925601575322312350346745508479653920143867607645157604552289140319
492403539629311301585011470192494919239503443630023464572994447656991049770699895740498918400247691
444212951796742209594812467096365087005649257666202845268717028284276005026149599626458578932364555
247981312751933712615026061296991492173510970101482248940147339889155849944143072152297285290650221
884512347150079058831442622218402797596735989842646309394010338265516539503840210479849758773478044
530514701369737230790791105818858340639635862207527123064503894042335936907136481489642586161083306
241105341737111222327137984399398433040056295114679335655258559454176014225050857856013009447283568
335244988634729089593178307075126597103581267781854208024009434958890684923613408565485920660385402
972910177856532973666431182624509209998706505561905680684158368238658644790623912829089659006511474
319491910800523289245405444816893809019486532262297588544141400198321286993573543235981324991967128
627680444048023415629463569094912769761699820865629060200608802850603987836506226290259001237439988
099651948387251985551833269665738703330827520242686810528220181873570213169770395121368405627878798
213801136479226822820934916228344108132181222667602816812002257149885376591636808618322225395380214
140683494636894873131001019696340279777199084709523860525109412022183858289399353167606476556652749
979290868904100284917487126333515531539042845529026847429782038933653689943653999941429326201960838
856446395293857056468096939141259394023378874615347979695038728305117240441402157423814495696861471
516493176568158590394859432026312087572794989536275274585132110321930208107785805101414976188157383
911606191538441323053909498544806630649363738996559307651585406184938056126394998983021801419381577
092348759798286047230939173741076034299694732964963091695698809011257634102026649289142846312737459
889146423910818744323823717957185064434984003216205414345770093559529323652365961419856909481227215
769083223597477371764166213423666013718092463362945719412912151698827493498060690818980275357727597
785963856429869603012476030487818462797489827702339630378281089309577777677926535572786970527565370
193485742049424579040981617135939382006484371082321055636030000945767348653516242709940511223232029
407335118622947423562454068416816539142064447708025833201492712714951985098752969580083188258191673
997737411854637977805006874930972973009869409072999999816972777774100936071605396588917807714195250
407104030464879346607750098088752101638609775541072400554755180108591022390453860708169223561341184
906431675019527333842065469745856949135289856754141556220158910799770974681706193353149499205705352
728732520490299231709199452396730016587746387540912088951844496207348651080842611414185623881963334
052731218109803003949273045774604986918179612830080359491600648448764595391685138995436355864305266
799907228188173085703784120205943394524369771722974178830510498086916951993038612200760100224566705
690250510178360356248180541580728372540659763210885976370881411326432147835568244130129430996075011
776746347741862397608282345203572031516035856426434276455292020430415280534520964738221744919027956
154446360423342720965770712937565016062322731974261201451827015717335275064648994073492821199113465
839529563283805728183815345792757100133629086500905324804172232615104739857666849231643067809882570
974194010221517673139566760717514808764830946470213833436185764309869984560426930758114529777139135
537323714133670545145195966410325947083434060744631627372926117010813501985248463870806169185133711
380638357934532811602705273273598129194765681716066987584971489264231227930763551984422096936919423
064180041079831998016286007798677678073122073739384332145277826643323121571252425915570035457454760
475090415812003298785485087965327437237977632610113306405952851295392189557029885609373276548761868
183758528212732553361162244868398614024283313683894083936879175658842051632691716607239769325282166
906407581033287816194202261572685295437543134023891430010216525505275789802032366634093663990603622
068998387090142369285673226175770909219088219335234900302371303080295475073449360584417874117174218
058620126717737005085569530590988474279711988470937060736826438962598833067450835337556497299841199
215520824486298911380068580504673509948799854730122146006991431956338589216455679358942005727718718
487789682117918608341854973087657988970447131519595972778293500241103814805499984898556124681690961
284464236625801897161826694413649331102743569979749155477195213435815851901507307599362319211658937
053518243407042969465679834003267064687251665731766533383132315057532363541120235418831744070921536
167640896693525017018870154763794995529918991208609841190440266604805358044018873627155113411282144
102275813600067926189029957505183887421124112765278363337489656172986994395374576867200045510122355
320383040135313193762663818548845875683079650582832379913938211555749364928707565287848296434498009
080303497016669841797772026645344490846569512233331904730734151355075925535660546826943199981538937
688891891181363312774820356153689603785936001740572741867777150471662153311787879890084180161981955
457534295100514565280502072652316832292878461768370240301712180859732586395166550975736917766614133
454181261315545221769759726116532933440598100777765029571125830077103325449294269065786967645349160
238351088563679511918176282642104235002554161562380546464547694771992673709162762970788636473039836
156865910471434149313823405951136546233937008403589259519628245578480192657599928478360816541866528
495807282184724784920163592197307567686884013856360209727606016844250405641447833212830892213199147
211689864896338378944960297123281359908661531788738396876719950709093829652034721912071104386586828
174551423614358375636199287864751767443948841841456893869077828555153954875341894390173499482281934
987939206340247188401188874343974463693249615918148072414582388783314783231485358814138442749413951
729916091808718546876758121076736693374861065536342399201607349002608178988401738931313139949813568
240145935877169550666872007670266951070528450857037835751997450008293925557862554318393630669732980
419571432585685034864270906435520077933259187221259349653390813328728729761217889688036542541477399
610898212571775488315070921352927405065084012095004470432484321253624127472036750627153609861140101
786393133761849246601662070903230712829573454625394723180022276449360957303091531943340728614458068
316566864381881178948694286009664908378564098324210648649265400752220200570643367650328929699570357
787473417269185184178653415317929245538553313823373378053399470217060560872739333709333536096661885
705490534751222352043457868278675844889279314511025097253102709370997004601446791142547301594884635
287679937960962811224034925625426878250326228457093806118127164737495953291120601435971398146721887
800526811036076559352764377850268602852860625209733133910807447001602176907187053714469799578498048
59925879663797422157